0 OPS 6582 (TRANSIT 5B-5)
1 00965U 64083D   18318.73234153 +.00000045 +00000-0 +49912-4 0  9998
2 00965 090.0158 192.4766 0042378 099.6411 327.5909 13.56723196667900
0 OSCAR 7
1 07530U 74089B   18319.49035233 -.00000040  00000-0  27168-4 0  9997
2 07530 101.7110 284.6574 0012452  43.2834  67.5806 12.53635303 13559
0 OSCAR 11 (UoSAT 2)
1 14781U 84021B   18319.06820575  .00000087  00000-0  16890-4 0  9994
2 14781  97.6341 348.7223 0007349 315.0018  45.0600 14.83043948866800
0 NOAA 15
1 25338U 98030A   18319.55286894  .00000023  00000-0  28247-4 0  9992
2 25338  98.7629 336.0392 0011109 143.5727 216.6210 14.25883353 66597
0 ISS (ZARYA)
1 25544U 98067A   18319.54411007  .00001987  00000-0  37476-4 0  9990
2 25544  51.6420 344.4616 0005155  50.6013  48.8478 15.53971010142052
0 PCSAT
1 26931U 01043C   18318.95334121 -.00000013 +00000-0 +26932-4 0  9999
2 26931 067.0509 200.3798 0006479 258.4588 101.5786 14.30523409894049
0 NOAA 18
1 28654U 05018A   18319.56526759 -.00000020  00000-0  14038-4 0  9999
2 28654  99.1283 357.9723 0015102  64.8030 295.4705 14.12389928695150
0 DELFI C3
1 32789U 08021G   18319.11031397  .00001306  00000-0  92524-4 0  9993
2 32789  97.4944   9.9828 0013458 138.1822 222.0436 15.06449157574502
0 NOAA 19
1 33591U 09005A   18319.53683808  .00000056  00000-0  55564-4 0  9998
2 33591  99.1600 300.6962 0012997 261.9645  98.0051 14.12318006503530
0 TRITON 1
1 39427U 13066M   18318.89889594 +.00000200 +00000-0 +39542-4 0  9991
2 39427 097.6543 304.9452 0114928 136.0299 225.0121 14.67740549266490
0 VELOX-P 2
1 39438U 13066Y   18319.53161735  .00000204  00000-0  34028-4 0  9993
2 39438  97.5871 331.4532 0071761  46.1861 314.5253 14.77794034268639
0 FIRST-MOVE
1 39439U 13066Z   18318.80335538  .00000480  00000-0  65217-4 0  9997
2 39439  97.5837 338.7242 0066076  24.2781 336.1521 14.81635346268971
0 FUNCUBE 1
1 39444U 13066AE  18319.50720840  .00000296  00000-0  42882-4 0  9993
2 39444  97.5763 341.6899 0058472  15.6568 344.6437 14.81809404268062
0 DUCHIFAT 1
1 40021U 14033M   18318.78438054  .00000525  00000-0  59676-4 0  9997
2 40021  97.9162 237.7646 0014095  46.0578 314.1800 14.90442751239386
0 NANOSAT C BR1
1 40024U 14033Q   18318.76651018  .00000348  00000-0  42224-4 0  9999
2 40024  97.9081 235.6775 0013431  48.9735 311.2641 14.89685973239292
0 QB50P1
1 40025U 14033R   18318.76742456  .00000306  00000-0  38686-4 0  9998
2 40025  97.9027 233.8212 0013713  53.5083 306.7394 14.88812509239199
0 QB50P2
1 40032U 14033Y   18318.76934710  .00000301  00000-0  38533-4 0  9998
2 40032  97.8969 232.3177 0013043  49.8841 310.3516 14.88353092239128
0 VELOX 1
1 40057U 14034E   18319.46810785  .00000345  00000-0  55966-4 0  9996
2 40057  98.2172  73.2503 0010599 196.4806 163.6058 14.77529243235985
0 METEOR M2
1 40069U 14037A   18319.41569472 -.00000041  00000-0  72884-6 0  9995
2 40069  98.5843   6.3535 0006037 151.2144 208.9367 14.20655600225850
0 UKUBE 1
1 40074U 14037F   18319.40318209  .00000305  00000-0  43922-4 0  9991
2 40074  98.4076 104.5119 0004182 177.5354 182.5881 14.83912528235724
PSAT
1 40654U 15025D   18319.48796754 +.00011824 +00000-0 +17727-3 0 04587
2 40654 054.9901 071.5610 0152099 134.2741 227.0711 15.43283537079183
0 DEORBITSAIL
1 40719U 15032E   18318.83439105  .00000412  00000-0  66332-4 0  9997
2 40719  97.9274 209.7572 0015226 284.6344  75.3178 14.76564180180406
0 XW-2A
1 40903U 15049E   18319.45322394  .00001917  00000-0  48383-4 0  9997
2 40903  97.3681 355.7251 0013130 196.8360 276.0162 15.41062736177094
0 XW-2C
1 40906U 15049H   18319.36180425  .00000543  00000-0  32240-4 0  9996
2 40906  97.4644 320.1345 0013475 222.4227 244.7287 15.15393846174386
0 XW-2D
1 40907U 15049J   18319.43589255  .00000576  00000-0  33835-4 0  9996
2 40907  97.4615 319.8896 0012917 219.1558 277.3331 15.15560136174404
0 LILACSAT 2
1 40908U 15049K   18319.43169506  .00000278  00000-0  19057-4 0  9999
2 40908  97.4738 319.0446 0014436 223.6347 272.7809 15.13633104174243
0 XW-2E
1 40909U 15049L   18319.29645869  .00001105  00000-0  58668-4 0  9996
2 40909  97.4582 322.0702 0012483 216.6040 269.6687 15.17337351174521
0 XW-2F
1 40910U 15049M   18319.46236422  .00001154  00000-0  61956-4 0  9996
2 40910  97.4609 321.5081 0013478 213.4831 303.4265 15.16855197174380
0 XW-2B
1 40911U 15049N   18319.52148914  .00000683  00000-0  39515-4 0  9994
2 40911  97.4650 320.5650 0012931 219.2786 256.6538 15.15500060174314
0 KAITUO 1B
1 40912U 15049P   18319.48646420  .00001411  00000-0  70348-4 0  9994
2 40912  97.4522 324.7187 0014160 198.4476 314.8844 15.19113049174637
0 LAPAN A2
1 40931U 15052B   18319.01998250  .00000828  00000-0  26223-4 0  9993
2 40931   6.0027 154.5556 0013661 342.5077  17.4906 14.76591853169338
Fox-1A
1 40967U 15058D   18319.38471051 +.00000168 +00000-0 +35072-4 0 05088
2 40967 064.7768 092.1965 0213922 268.1901 089.4681 14.75816743075963
0 GALASSIA
1 41170U 15077E   18319.15935359  .00001995  00000-0  70751-4 0  9993
2 41170  14.9898 348.9927 0013055   0.2987 359.7341 15.13490341161333
0 VELOX 2
1 41171U 15077F   18318.57790828 +.00001530 +00000-0 +50344-4 0  9990
2 41171 014.9924 019.3928 0008952 283.1674 076.7647 15.10890607161015
0 OUFTI-1
1 41458U 16025C   18319.43812383  .00000947  00000-0  53008-4 0  9990
2 41458  98.1213  30.2811 0168465   0.9093 359.2395 15.05143500140199
0 SAMSAT 218D
1 41466U 16026C   18319.46262505  .00005403  00000-0  13653-3 0  9991
2 41466  97.2135 220.7326 0009036 147.8492 326.0110 15.40178036142864
0 NUSAT 1
1 41557U 16033B   18319.50744920  .00001164  00000-0  46516-4 0  9996
2 41557  97.4309  43.2179 0012376 343.0897  16.9928 15.27093627137250
0 SATHYABAMASAT
1 41600U 16040B   18319.47092254  .00001596  00000-0  71067-4 0  9993
2 41600  97.3993  20.6242 0015689  71.0055 289.2880 15.22814045133204
0 3CAT-2
1 41732U 16051B   18319.34801208  .00001456  00000-0  58674-4 0  9998
2 41732  97.3722 234.1785 0011622 251.5258 224.9600 15.26394204125231
0 NAYIF 1
1 42017U 17008BX  18318.91501868 +.00001676 +00000-0 +70260-4 0  9998
2 42017 097.4318 022.9748 0005786 195.4240 164.6822 15.24894530097030
0 ZHUHAI-1 02
1 42759U 17034B   18319.42607696  .00000274  00000-0  30403-4 0  9991
2 42759  43.0200 332.9242 0011038 330.5037 168.5218 15.09420668 78307
0 ZHUHAI-1 01
1 42761U 17034D   18319.39980478  .00000258  00000-0  29351-4 0  9994
2 42761  43.0208 332.7380 0011604 332.4587 164.6827 15.09497022 78298
0 MAX VALIER SAT
1 42778U 17036P   18318.72507841 +.00000963 +00000-0 +45689-4 0  9994
2 42778 097.3857 015.8109 0010920 260.6206 099.3796 15.21608015077395
0 SIMPL
1 42983U 98067NF  18319.44936974  .00002818  00000-0  44593-4 0  9992
2 42983  51.6407 339.5558 0004725  46.4712 313.6672 15.57282573 59783
0 AO-91
1 43017U 17073E   18319.50657027  .00000445  00000-0  39939-4 0  9997
2 43017  97.7141 244.3843 0260066 138.7756 223.3420 14.78269068 53466
0 AO-92
1 43137U 18004AC  18318.83174222  .00000995  00000-0  45337-4 0  9990
2 43137  97.5165  21.8245 0007950 297.7698  62.2731 15.23022247 46632
0 OBJECT PD
1 43589U 98067PD  18318.52370077  .00007980  00000-0  11697-3 0  9992
2 43589  51.6398 348.3597 0006740  61.7307 298.4365 15.56542909 15024
0 OBJECT PE
1 43590U 98067PE  18319.09979737  .00010029  00000-0  14498-3 0  9995
2 43590  51.6397 345.4576 0006849  64.5456 295.6244 15.56581098 15045
0 OBJECT PF
1 43591U 98067PF  18319.09737191  .00010339  00000-0  14901-3 0  9995
2 43591  51.6397 345.4415 0006946  65.9612 294.2106 15.56623670 15040
0 DIWATA 2B
1 43678U 18084H   18319.39201458 -.00000280  00000-0 -22239-4 0  9997
2 43678  97.8364  69.8340 0008783 301.5806  58.4562 14.91503095  2555
